24,35
0,283
0,243
25,3
25,2
0,9
25,1
25,0
11,28
11,26
11,25
11,24
11,23
11,22
3,2
3,1
11,20
3,3
11,19
10,303
10,302
10,301
10,300
10,299
10,298
10,297
10,296
10,295
10,294
10,293
10,292
10,131
10,291
10,290
10,289
10,288
10,287
10,286
10,285
10,284
10,283
10,282
10,281
10,280
10,279
10,278
10,277
10,276
10,17
10,2
10,3
10,275
10,274
10,273
10,272
10,271
10,270
10,269
10,268
10,267
10,266
10,265
10,264
10,263
10,262
10,261
10,260
11,21
11,6
11,7
10,259
10,258
10,257
10,256
10,255
10,254
10,253
10,252
10,251
10,250
10,249
10,248
10,247
10,246
10,245
10,244
11,17
10,243
10,242
10,241
10,240
10,239
10,238
10,237
10,236
10,235
10,234
10,233
10,232
11,4
10,231
10,230
10,229
10,228
10,227
10,226
10,225
11,27
10,224
